48259112.753360115
50642261.39224608
46842557.39940943
138507422.60720322
50783991.58022859
65327695.29958904
57342657.99381918
50503580.084167264
66754424.51228621
51377033.87673764
47992406.0773304
45501873.709116235
46853143.24696867
48901185.32433588
50808168.40110198
45080481.64317282
47320527.533292696
48722459.25125102
44981769.273573145
55492883.2988439
46973671.96676482
44749808.02261952
51041691.53687486
43304355.247689456
40013519.0404739
41116502.83565369
36768501.09869544
41802446.59517549
36096748.89168137
43043680.51576756
28109003.406634986
33805688.01668412
25797194.817571457
21675575.072187915
33146170.55560726
38009770.366267994
38224106.36000098
24309042.8425337
28460775.539973296
34392956.042853445
27097149.62913506
23544409.198844694
22698791.622342817
16299520.187844291
27303835.467621528
19911081.380128123
23387140.94340476
19509777.10648074
14901949.727152478
17515037.150756557
22334744.27894374
15789037.526288038
16187722.703817587
22408884.843509056
21131616.29443801
37806964.931449875
24841035.685492553
28246401.70497158
16893459.768865917
23101450.89090053
22390936.28590507
19090652.91861229
30159728.491298027
17220833.78690534
19479613.815108415
17159708.317112047
13419482.208649447
16262743.006860357
13158365.703365419
15993443.21251451
13848408.70107006
20235267.22546751
15925207.383992428
26321682.142200902
24381688.455417823
18150837.23025211
16841901.55500024
16548742.79648625
14938784.285337847
13528856.245607432
14863722.626341913
15579954.68546063
14236774.2538239
29978064.773284443
22781152.365934342
24537840.85852293
17594523.017900057
50726690.17829008
17488598.59630528
14122672.99070542
12564198.714040253
13462811.789661998
13299429.650598895
11852343.789822135
12886247.034916542
11693648.62596775
11266533.76741055
12158606.205778334
11383486.202525184
12065258.886256894
51271375.47458579
53421086.00570227
53615802.67702405
47615059.07857253
54521189.05920337
47252898.77420107
53799785.926381096
57280198.337082244
46013300.0809975
46900131.71992823
49410539.224959984
44842338.21900451
49121586.513944596
44769594.196865395
54031947.477618575
55360364.286045216
42964446.99017936
51303007.467377745
48328361.99384532
48150877.0925907
47486462.093282506
45684095.11233541
49009492.39170621
40540559.934013
48667127.656999744
40891193.94959013
41161770.74202095
39216687.844968066
36903165.00019206
34733786.87419813
27449649.199051686
39585109.91173579
34660129.17150224
35597196.54767014
27616387.7775143
157357764.58568352
25928991.734591383
16605891.344218051
21355000.54397025
24392372.296094324
21800930.65889009
24993473.644132763
20432846.528727844
19458808.94876755
17501983.962414593
21535292.82751808
28421738.997001696
16315693.325799476
15717455.113070687
14700443.190772485
20193156.9999521
17816817.10391102
18437628.644969024
19987557.675658204
34587001.23066281
19509530.407545764
23456074.3738217
20812036.015874516
15921648.363594472
17655923.20305303
17311142.519751832
19901682.13651088
15328926.610603098
17628763.084232144
15165523.053045845
18088228.61464848
15150942.192078914
15887120.175611177
16438357.755213479
14373167.94397222
17939198.82658664
23026429.460529998
19700880.63851316
17667873.40953025
16416168.021450799
13556737.558346003
17319925.890923698
16431915.372656804
15210383.455365833
41602229.42576798
16738812.616257861
14702828.738731906
14939547.175686916
14490389.912730252
16236098.977718865
16488528.993582854
19250392.005999815
33414664.856366776
14697272.11934587
14116115.280228788
18230980.841581896
15021599.844208252
16427632.689933378
13514580.377608469
17916495.54088152
15494019.154120322
16221217.309512118
16262172.67822809
37261987.436455354
24227475.294470984
57582711.362001225
51281134.07827171
52551205.02502171
52850378.36775999
50327628.30578141
81352360.8106786
50084804.57349755
52870229.37574826
50590377.62896666
47246695.29788115
47545294.522147134
49737369.81641307
61228396.52568165
66883374.00357964
52277371.68233465
49670586.22591188
48860172.70119246
74447627.45818728
48282000.17302471
48812590.719315045
45081892.16474168
47442084.210696615
67462242.95213215
46120859.323222816
45521684.56719193
43410679.613963895
45500266.29639177
43200658.15444555
35117561.58261904
40077255.699749604
40308516.772124246
34150918.23486755
31961947.942477025
35961051.1873879
20863627.26172076
29118521.883944858
15975215.747608509
18362826.643376715
17730905.69288292
33161001.286554597
14721393.512858707
30812557.046108067
18049342.854229014
17167805.61021324
18071282.631753545
15513362.153639022
19390913.650208496
14721174.750988474
22348223.129242994
15371349.239054104
21372803.44710561
16212693.920098092
19055233.847846664
17165936.40638417
17921621.426527165
15835127.751575157
25027094.615925834
16597997.186400697
15735754.811652517
17586757.51556602
15643263.348013844
22749900.719296485
24086758.263268393
14994163.797414979
15650421.845347997
14631186.204941485
16853103.156950224
19106778.031918224
17023807.54645117
25985325.333567873
15064929.373317275
22292824.704555415
16535223.181499794
22495101.64562905
14950403.805514282
22141627.71075767
16154155.563427474
15610009.432833621
15499375.388203666
19222834.506999638
20671434.367159728
15262800.129375253
15831019.136900187
15777010.81495874
17554345.998180814
19310067.678692006
13699728.556043964
20338927.073677022
37926569.02674961
18330924.32844222
15121944.97843349
14898916.741853014
18255325.651834056
16481809.367701804
15738728.588972598
19181628.003865965
22663113.75149278
15262863.422373647
16517526.48287887
15079585.854551602
50059525.473208636
48405097.66285012
47928036.82122194
49693975.00520993
50441514.02622819
46341552.00990571
51585870.60664696
52687502.129011646
46057122.6587028
45252238.10079711
46470748.52915239
45883037.32386365
45346859.53817626
46651879.2998824
50206760.87342013
44615618.82209592
45336702.55150284
44920203.3736165
52695959.17945288
56011642.653359056
51991576.671567425
48722002.85610905
47561182.745765895
52517477.516281635
45267748.81906293
45367435.71987334
45853615.1588209
47393799.30317719
45845449.37241625
44725893.35896615
44605083.13555293
43483359.16764082
46023560.49664645
41361793.4410236
43018897.836364664
43686330.68002875
44796134.20405
40136963.326442495
41338039.33512884
33229675.847245865
33178315.53189246
27033496.170422506
31335537.56713987
19701336.99553339
17968140.82263396
17930569.826688353
17459329.81117863
16959550.22273762
17040323.882668633
16814324.7498549
19073281.189621553
22500945.103432067
20299849.067111753
28063857.41033969
18013490.05460111
35156558.5094443
17138511.919484884
23938581.557143487
23724554.88476136
19576018.12573931
16781952.67429167
28315869.00298525
27826113.25711924
17910190.846939497
53000329.69071625
19129278.45529089
14347861.206787452
14843090.040723214
14477493.233467445
15744170.799165606
15125236.3825155
14419258.118361194
14945595.555399325
17644342.58540196
17167880.515506268
34223715.873508066
31927784.772409596
43657833.84688795
17650034.70861697
27899145.142458808
25281589.323373288
25061709.721418113
16776849.59300245
20933355.129502065
17129732.867807075
126490954.46883564
62907056.37598016
28463450.514288146
34381906.53927291
23945015.420969494
21311222.70425799
15058591.580375805
14855978.151335403
16761451.397945547
15327272.1268096
14955130.511591341
15695077.136207268
14584807.592113892
18842423.256136853
18746466.59630478
53061521.53973327
55770380.98480139
46364487.47928812
47238014.74145434
48513815.83074494
48443093.350542136
48828595.95907369
46700968.83932479
46360064.69875944
48466496.30608682
50576353.76140477
56606216.93435267
71494746.71855758
51906878.35364758
52762166.05734697
46188410.46508831
49022677.087170616
44942315.59742265
43931852.90522836
42122038.47170434
49030215.67223114
48488412.28855535
48508866.1068878
53724362.36904383
48758183.791191
46813926.68449939
41662101.05967446
46813767.30396456
40774318.6806151
38738145.534598604
35020337.77055278
31242480.948098928
33649127.87603934
35145679.59299354
47319581.039244436
42371021.64718144
37908437.05058948
32686484.899483163
23355697.668118525
20313471.190669514
15623623.130357537
25986109.874245867
20146387.73457015
18026750.46122254
16439033.43948715
17473628.268963035
21265695.93089795
16565612.3039814
17424225.066255026
26151661.616259784
18695502.377075814
18780014.420259256
27610075.261207603
20544112.16272723
16059838.127359143
19533954.151789073
16847996.204273466
18630904.793202817
18193917.904696
29083683.960912425
25683655.565446354
43018448.24196794
21474571.357484784
21810072.506610062
18880728.25134625
22301006.296150245
16642536.941350609
14833630.670169085
19068068.991946794
16685209.195663774
15184120.646412056
14508324.700521547
15370049.368201202
27218756.90068698
13864694.073433112
18374273.19256877
17322032.88123072
19492562.77263654
14757924.998921832
17255474.851668682
16104047.727587234
16923068.638664044
15481633.85733346
18687035.923267834
19170729.0914571
15641349.77256633
18281730.482394904
14120187.9991378
14541618.981850246
17388109.484347954
18471405.720329147
19843254.078935295
14856941.821350047
17982949.53330305
17196464.482622374
13116036.56137318
17364298.07383249
15468210.036479035
16692506.571348345
21016151.003743224
59410809.44800808
54413236.332432434
49439163.29287653
50494919.16661451
53541172.97615079
51862658.15541259
54037949.19711008
47699647.06161521
47138029.00323853
60609776.21153742
49588171.71806903
44774168.2159065
45683057.68046173
53243095.898856215
47957028.81492983
49940998.910448
44916912.28081525
46775339.55080115
48425065.11034352
50595354.55312119
42554344.85097185
42177722.91204985
44553918.111615926
41052724.560050905
45987916.99190731
44195664.24393608
56767966.28829944
39573059.91826866
29849352.00027285
30195724.295730006
23442343.815656558
23704333.972369533
60378304.37614616
19374235.4427085
18361559.473605834
17008052.44860538
20036331.824794702
16345082.514054697
19454676.189290702
18136168.213002037
37919216.13600733
18145815.216389693
42255991.95744915
20479634.547651496
16477309.822771579
15109041.828432292
22716265.930801272
15474620.25264445
17350920.049677018
23410262.67158631
20798584.586127102
45781737.20232305
25041664.75225113
21981882.978636853
19853012.311205696
20141353.54940047
18038700.239581265
19049003.702490173
20207990.717195466
22998971.48337388
30392243.455503512
19067073.69280254
16598404.381076002
17159771.261740625
14703185.55513316
18541010.821422808
18588924.366818182
26512469.30584929
16996203.314452987
17522547.9497375
22789636.26207064
13063690.303006817
20252877.84209706
19132204.849620104
17054852.55609262
16392035.146106014
19866611.188618694
20216482.340485565
18145868.20210826
15576209.711325571
27514475.586360015
15529166.225017343
16031615.855595607
15087204.370042559
15738583.24669688
16166680.080003303
15064227.427650616
22723794.01727475
15253751.589980027
15373844.748382047
19058650.9078971
22520808.469114173
15438459.881237894
15898206.534320887
13819203.139628714
15487618.690012947
18902613.092880014
21488336.707519438
22687832.12190395
15691981.753295863
51491603.65215753
66056619.30094689
60490654.766466
59160261.19567438
54518087.16881653
52063872.39037983
48667398.2840418
52745611.52926106
48653374.404093035
55602180.20247908
46579877.249549665
43563247.15874814
49339508.77299251
52215605.2946824
50632596.88178762
50601847.225394644
46785388.38450259
45810680.23729865
44817633.55011283
48387674.96748294
46278681.224424616
44516766.099141434
47161164.97490033
44321161.571070865
42976906.9558425
42755000.62819345
47108122.53100473
42785574.626892135
41380212.08202703
41591343.0501398
39764307.24620329
54852556.4568101
40722871.373770855
39848715.792247444
40892737.30248532
30558660.760431416
26738571.975572333
29010789.673487835
20123036.686986838
16693280.148785513
16916057.719117936
14343997.859823132
18879072.062529355
18407780.91238339
20813870.280220307
15026808.424499374
15616369.914025191
21776434.398729246
16130530.846179232
14831039.681744
20993653.318832345
27011430.325034223
16355672.136298716
26389034.639075186
15719176.022378003
14894628.224439273
17111631.550305467
15739814.445083404
13893484.460362589
14270005.62049537
18803013.624852397
16628824.92247111
18962861.006307192
15749153.323863989
24592949.333201397
16513524.862892365
19045858.60508705
15581635.795680508
18953500.404727597
16128152.619080245
17773385.96054327
23389434.0797557
16375085.611890847
21169345.63915608
13556333.330177713
17533954.314535737
20277885.017066516
15098080.533616507
21271270.756881773
26265198.09753571
14127572.465479594
14864489.656611335
17696247.709515523
23691485.778122857
19645667.126459073
21330237.53400431
15883676.79342109
14737202.072080633
16941747.117400516
17082729.91990339
14464819.262266478
17999513.407117642
13940151.885367725
22154403.113036945
14802378.650454804
13807017.363015916
13402648.3074339
15525731.262496665
24550376.59243811
15018876.966060188
60931537.735021055
51937642.13199371
51053621.95826236
47227739.88014612
55035538.87974212
50649025.87886942
48053000.425500505
48957804.48238817
52501546.96613476
50813367.467596695
50242927.721632734
50712860.87465279
47218612.193108425
49819631.45014671
49736299.533648014
46015803.795310214
63702294.81284603
51075871.67334141
47797831.164343536
43910095.11803053
46320447.04762514
47956552.18484496
44767986.56130247
43869182.0766996
43102535.67377282
44394663.680964544
45075597.19185327
46027745.34658171
42935768.36999425
42692816.0114729
40683530.61180994
37222271.14087314
48216327.47171172
38031049.86617525
33674786.26780151
36226127.336515255
33390803.39426577
25969460.334204767
19130785.34971837
22467678.83354998
28615977.79770703
17683115.891152382
27556702.971247416
15718355.495068919
17367447.396916773
17824406.770273823
17776907.75944311
28519029.60438462
15259827.59778511
15550210.358093604
17888985.068760503
27826776.569063164
19713002.995761126
22199404.203301392
21024612.506048497
15531449.725877399
15618916.337904338
14206072.36039332
32567004.918664567
19814872.046714388
16307283.157605201
17474206.06475822
19477362.66034085
15860542.921272244
26801301.561836038
14329070.437057722
13535577.991854182
37627166.09615735
42297112.05480867
46566705.40854889
38642427.87635456
24694850.016527172
16094916.308297168
20845024.75480158
15608472.394091103
15863397.038796565
20314990.914912246
18031676.022104852
14557237.998828832
22151172.238863204
20432334.408284504
23520860.320618186
13353994.483508259
15898380.769158673
14052486.487729618
15646855.264895957
17685945.554847926
15101352.43336286
16920811.51983549
16049680.855782002
15336579.172875006
15696824.864153558
16324070.790604055
25666557.38959746
16573542.051954377
16711348.122450557
17994560.636197276
17019587.47709323
20970243.787674274
13951232.038934562
50799439.10627422
53222582.340664856
75082629.656822
53410213.28848099
53038052.82847736
51144563.65462295
52474304.634222195
48292064.726011045
45561021.666809134
48452195.02020855
48682139.77534999
46654506.49109552
47624564.37179543
49864740.40231352
47794677.02179329
44953986.87344674
58011067.67144996
42559509.52451442
40751946.83534743
46281772.760046646
42225045.675447285
50413294.978737265
43527857.38322422
49475479.85363034
47750617.655698754
56117356.8742523
44739065.87840761
35002069.13744061
39547018.569545485
37838955.56704183
37886223.50817842
26368044.845439322
44491112.47454774
50442378.317511246
35699291.367713355
28383567.871381443
26821346.432921357
23901389.129225798
23625655.481399547
19392757.681034766
22479602.22642109
26057166.195093405
20105601.25922812
15649003.544275638
20504820.169028737
24252139.679136835
18413818.49803427
25159460.281028695
22952207.329262998
16215727.354371121
20359958.44529932
17842551.284173593
19179778.47395026
42849736.19705744
22059875.284192555
15764669.320622291
17024033.856275927
16739873.240731606
16455150.020420194
22130650.971696276
15759257.420738835
19114910.96476244
13756614.10112245
17411954.816237252
17078224.377777826
17205601.493443206
32668798.749019574
18372157.406684108
15792960.187166711
17525517.794469193
18273170.366050433
20133368.064523377
16569416.84805648
20624330.74902519
17810738.74377364
15106174.000978341
17385490.012945138
14599193.729225537
15886449.692371298
16344711.65126127
23033421.403578024
49019587.11877753
24865675.300095312
26349360.028570764
15598048.782910708
15450478.70659177
14577606.549712176
16462437.392242268
14388160.53394356
15898376.801190728
17760850.41289506
17209676.681269653
27440994.882524777
17099545.87310451
17321991.62697199
13248118.44154798
12180453.125004515
11405339.806689551
11845816.191541087
11830214.777234118
75350635.55894169
53012420.22777802
48656146.302484326
50736156.46858883
47505033.744307995
55084655.93975441
45129804.664479345
49485063.00072001
51060234.89138223
47995656.22683259
50513209.04518525
50215953.108128384
46550539.31931805
54061279.562175535
50321523.18445837
43355670.7640572
62630318.63503784
45459415.519102134
43212379.2843217
41973461.760349765
48307617.55033313
43488678.13623452
46469414.14171053
40649820.60880171
44647332.89777103
45930503.15556201
43631449.95281951
51944744.63248505
36953247.03749316
36589414.42204222
38064721.89538841
31027376.445894726
35846755.96936309
33009295.83962243
37641674.32985127
24093922.530733112
19292489.030746613
42876230.413498856
27079852.210971504
20473773.939718407
16332916.8724083
26275979.041393537
20733232.793038677
17476975.339653485
26269698.17082844
18979499.9674659
18650816.638368286
18575009.110244237
23957672.96910663
26874899.482763655
16780430.52122452
29400324.16884903
52323565.78024166
15021491.440259676
14968605.509107426
17228535.94734391
18030460.41463896
18349911.840181757
15933261.141562495
17519671.410468057
20016725.337538447
22151441.13713464
22486829.045596585
15564712.674071426
22886226.4412495
19785625.383086544
36724655.25830701
16080076.520526052
16067476.575732592
19285562.258629154
18004401.917310603
14762552.350923294
22869884.249590956
18037704.26061298
17178437.502450358
13675382.08021833
16343141.067702722
15035145.661972683
18382801.243512925
14801170.955925357
16725192.311266055
22533710.300979797
14463193.251052361
18652675.20235986
20884907.710590832
20407265.391719736
14493134.269202884
17512080.43298639
17001370.285696264
17318816.76295459
14561846.521905899
15397895.026399175
14887928.368202206
21184427.43576532
15773464.232582236
15857951.95800462
14379534.587573016
15902612.702047393
17718998.67880719
23966221.64157511
59203797.418164596
55844599.74955507
52150779.16160956
56687010.28852662
50246400.54269663
45794868.40640564
52039082.88554992
49330696.543904774
49716337.21133381
64390225.97919108
52474661.54534959
51256040.09109324
47026420.01766987
51246476.61078836
45292817.30158994
45793507.32856193
47753092.90705003
44646938.106989786
47160807.19217414
49870332.967878416
45347937.56081397
48882719.36533584
46500602.04878545
43390457.579704076
44356651.691463284
42252882.8918342
42183032.40496087
43638471.71836602
54146908.349300206
47013817.55107954
41110062.09914836
44515411.916827366
33100794.470353466
62818050.74999948
42005838.049859755
29527100.24921296
23913495.5208331
26502541.563553154
25935285.5364691
21006181.353136513
31742705.812930055
26409361.30592531
72723376.63489242
25405807.064626902
25167671.055513278
15892743.252610838
17408232.63723383
20494206.995351903
23149035.591560952
16151707.857393513
20280000.039427526
15602149.159345249
20647590.68395605
20246469.042165276
25220019.808936942
15229422.183277905
15471635.380703583
19550320.276164714
15800644.634786889
18591736.024914667
18179934.1818575
17596454.485134244
14453152.651898453
31697140.781418342
21212839.53589454
21862032.514158092
15978820.40010796
17812943.095369883
14074017.980975676
18461059.947970644
17220411.14149531
19369197.146179654
18933233.43002324
19791969.43825698
14796332.557173792
15994661.39404212
17278958.25873679
17286199.63051705
15241710.341921613
17116559.643080555
14932607.757971492
15479475.523369193
22789530.440714378
19231677.86580699
14674106.004996743
17799783.53390798
25043407.834982295
15392056.692632949
18455842.261538096
16107518.657057608
15492578.014207328
19237273.63294867
17822416.19111871
17265478.188612852
24591096.828444205
15530332.309490342
19022812.916275263
19570683.044704862
14684399.071317986
16280206.165583352
53235930.4920163
53750865.818877794
48974184.740403906
50941794.57567756
49158277.10415002
53029401.50454795
49527867.82186043
50461895.35806551
58607262.91212629
47557445.588607594
47299030.669055715
50230810.98410185
45672134.287636735
45158645.07324524
46392818.66658277
45248493.2756099
47487625.3703089
42614563.941585325
44117653.36512001
47158406.668967694
39459085.11574127
41275736.67417571
40620558.50520002
44718585.661985606
44799421.43169272
35283853.411460504
40736904.30665392
36575438.627892256
25542704.7425626
39159403.91735376
25360979.125918485
35370375.753670014
28485545.30256883
19508975.300611787
43493266.59084572
16572566.106856804
19804899.85853126
29492288.436980903
21856006.13969668
25634754.6843733
15883082.959971016
24368778.471464854
27504855.684729658
21115940.41137154
24384677.980020635
17615428.55366066
49426760.4863464
42498630.69215343
18131296.46380657
20888160.96114602
16729929.600236055
22610801.708326407
23313584.832429487
18401013.531382855
33058064.748476624
21361810.908774316
18541587.61638186
14699764.614404734
24081032.99162773
15409347.878757197
25732639.779903196
25431010.390572418
19407941.075098548
16795565.778686572
17201898.130197756
19367600.839744754
24408838.61807663
19217397.13342818
23817573.515194938
116492248.93260494
20624012.80330488
20591961.59662109
14776704.615433812
13793722.536889395
17409555.948952537
23765395.16195557
15774537.255096113
20217429.60804779
32541637.83411064
13636754.948458696
20757956.68336311
36206958.590603545
20548880.909852058
14505005.874975795
19867544.216916602
35457522.64578547
13448748.76803942
14525445.248955056
14629227.777639776
15624485.752664939
14553265.73247487
13783470.990544368
15924176.01688763
20634513.609043114
13964818.56239011
16774246.391651416
17172579.84648151
18726389.48593683
21808249.789085522
14869563.126597691
48300613.11047895
48754347.380243
57643286.11870921
52522883.693426184
56930717.20052494
62899062.87981621
52004502.494138464
54744717.06822856
63275732.9917291
45415652.55280836
50136351.41261609
55288138.232494816
55555524.53715877
58885518.24369307
54852081.242392644
44443776.495698616
44393595.55727916
50273810.4021073
44517378.92994289
45421082.835356906
44213863.60281709
47008703.14881782
49394427.42083845
58313620.61217755
49559257.23052725
50651481.941971146
41462157.846962616
49811883.91338603
42328160.686244026
39748964.624140084
38494646.46498595
44377656.84636554
36271789.077500865
31412478.92784031
49845213.48866989
39328512.804460645
32514494.452010244
27647250.940248866
26360291.436484903
29381207.327181596
22964196.8503519
16612782.009072777
37000016.72085635
23326400.62791802
19415546.83211809
19512879.8251343
43596846.32237502
25358852.947124198
25204709.200948495
21077890.672088094
53945650.089944184
38831848.37397786
24874887.036011998
26497795.797613025
22571749.21648887
14670719.17610452
19419512.352044303
17671253.064379685
14004870.039228022
19563313.39977328
16376187.24043655
18732882.62456318
19646824.086714853
19435505.13605354
20270345.852665816
16054125.692801183
15354640.817451024
16627839.807292208
13764562.10801031
17181214.304452002
17867367.62470966
14699896.466425877
20199260.662339862
16364879.089242753
15909528.281810287
16987818.155718192
20176353.605789505
17326678.355398484
16921179.282814905
19701873.70651657
19863080.23540718
19124974.901961327
16234535.264193092
14480854.659747472
15538995.34542945
17134539.35480921
14387138.209995726
17398203.800524246
14125174.252534393
17014454.31363662
18322916.878947422
17961915.197090857
18425608.106769994
18713202.88365626
16737287.376190891
18671975.587748565
15760902.340455389
15884123.698902076
18623591.00465215
14488521.131773155
49728859.63720679
48982115.64655592
49050344.334916435
46329564.22712091
47271961.63333306
51469555.33021343
49637407.734197795
53646490.22662298
50580020.51742963
119295086.16598181
56123476.26263877
52077505.42438353
44833964.21635883
70714176.91691777
44809197.51677744
45073046.20712047
57702827.865959264
48895098.71469892
52715727.82752935
172311102.75060946
47057696.30767135
49174054.387065075
46322471.75983871
42565739.86234327
49887370.22315957
45492851.218944594
54470833.97238512
48637653.57683502
47728527.49436719
46706240.871273056
43574826.11114954
42268314.24234725
37788859.72840231
36540266.29104719
29325291.99820485
31141159.816837378
34243036.909766234
21669784.587071117
21700622.004089788
41889928.20123996
18096882.18637439
15258895.340055514
20754333.329653654
15767098.291626737
15097481.098357257
16906904.952020068
14900176.550441582
19927279.193480838
20243741.069660615
14369110.648753311
25306205.867786422
61050523.09188746
28134560.136777706
28080169.540906113
15498036.406878095
26289880.596198678
24251277.879617132
26946546.08876747
19603013.967048213
17940724.909265764
15671099.049125776
16003082.935328335
26141896.26646637
15937221.568116209
20462415.502978723
17818635.726560064
19501971.21613053
24067896.587245606
15110691.235276997
18812440.433369093
19821648.54441645
18638532.680882268
13679873.680067295
14940093.365301615
26717006.686764535
23762225.14646154
16436902.707459215
16716710.198593032
16791508.701950815
17794163.2689883
16175193.747006088
17024781.918406073
14563457.78016312
15502856.014714587
15414162.679784324
25590557.344856206
21994400.037049256
14558525.018894205
24138725.81622512
24495649.083981432
19588841.429314397
18707862.823745653
15970766.117295498
17253037.8996603
18653319.247652665
15204210.024618763
16202923.014360458
22316659.579190727
21143276.54274769
18383968.344668556
59267867.83706404
50235853.75890751
50250595.08658673
47747494.263263345
45607436.970311694
61639316.21720339
60277059.30221192
52805443.8409617
48115379.491943106
47837785.81201049
46871436.810040526
47124812.2312124
45647706.12298268
49825497.13758969
50410951.966477886
58511490.933126606
49998003.28013468
47331789.46729714
45393443.66478865
44580449.37244918
47077823.794114195
41685601.941657536
53598742.00129157
49943268.32872406
48025135.6822069
50942657.61894561
51316365.97011931
41031399.91820885
39165936.5460106
42058991.75572775
44285558.69460768
52165073.60211385
44298841.27190362
42029898.9065264
36377844.5650707
33094292.41843885
33029959.8258057
25238861.795791976
29697387.673685886
29877881.12143742
35977894.76683827
19351223.135928776
18784715.999738153
20446526.901407387
15408912.34558497
17144509.509297825
26709698.88705126
16087217.267623225
32408844.071456593
19557039.23553226
46436573.24662487
24329979.35096797
16024874.88363359
15175618.661984101
13789345.765956536
20067182.556700986
16751950.690898675
20406456.25746188
21690689.67845209
15885353.200508613
15466855.094098976
36602768.165847674
20756467.467922613
17607602.51732973
21369344.28931277
17404615.718275454
15340623.055532407
15192438.410275603
14784726.770622075
16191171.494080275
16314834.50925304
14746699.203207467
20169342.418936815
15769174.790665507
16578782.424737806
13774478.35455975
19506032.677202865
17209527.396194186
14144440.034698341
14611795.086133387
19447791.233619947
26542155.60719624
15089640.532339418
18694769.149089806
18614653.15467163
20853091.54539923
16483763.155667182
17924392.767060477
14434946.644862449
27625249.295337446
13899426.25859901
15233030.980036292
21013455.461853378
14991547.055891674
23423313.220896643
19093272.980293624
15611993.578411028
14769638.944663206
14586909.737158423
16137602.372392748
70468271.8354545
59545071.35509702
48486076.119926125
47245591.638505414
51445071.67386545
50872051.98778695
48230540.33646156
51577283.47255081
47628455.35812816
45873029.81688174
52614973.33642724
48042398.90365367
45905356.25254355
45822664.7075039
45160335.65110771
55433195.08494903
45545057.05278723
49135421.94320593
62086864.64622903
49564124.9341597
45805699.46064622
44984730.48804651
45916522.897736505
43565544.72246129
43337032.392281964
47263360.199266605
43994700.17313112
43308473.17816226
40510848.04065924
38420975.069776155
41688525.737095706
34362305.42532463
24361623.13177938
20384238.968462422
19423639.684579037
20780959.46939802
16504586.676957766
14627449.220203463
20160866.741284303
34984736.65171074
15377834.22654678
20358930.51475625
37146415.429214254
23192537.824047603
21245970.91471122
19102362.619289838
16111254.858087167
15124883.43572479
17306055.667480465
19155007.668639176
15047572.259978589
14668006.929122278
22789781.178899832
19950784.849374488
23057347.92309382
17564492.58118508
14397171.341410715
15730075.986182358
28767425.990196675
25945614.694758646
16803785.11993942
18403334.58755455
18173747.132220916
18258730.268408697
15607995.91112094
16805478.32449428
15635919.67509151
18161523.450836893
16678710.653827181
15162726.881968353
22710727.303755566
21765413.35307766
19681875.449263733
14659195.627942199
14770220.174277807
19778994.8283905
14361332.697568089
16850224.18762459
16070184.028289896
16203387.066244226
23757025.643914748
16084514.562788958
14706162.805924404
17566888.99590768
13719526.761816964
14445982.007962486
15239816.414886963
20474901.05681986
15798377.500871498
19495781.53011325
15675461.907980662
18201042.170653507
17272280.623335894
14645057.935036983
16056430.98851288
26853225.152174987
16396395.767734205
18186107.027699888
18673984.628213465
17429372.72232423
58778293.56122708
50689564.426353484
46336020.95207964
62807289.39026908
47257893.39011046
48153996.850549184
50283206.474194914
45924757.94329649
48605074.564376175
48302713.50921698
51788007.5380371
54422520.614743486
48186686.16962151
43736088.42726831
47870586.88528648
44933827.9664497
44701119.47487801
56131315.493010856
55314927.31306954
47500776.63323916
44366468.35853602
44406225.4813414
49109603.03667497
46832727.60298509
47788212.67047595
37927248.81815666
48430265.89090145
46828878.31788997
40959997.7764985
40500214.00466634
38791604.92609234
44212872.64144034
41285812.71380872
28249023.367016315
26076914.603001088
24588412.57213437
22453060.943924733
20647963.42901565
21375844.52068337
15851488.189513708
17067318.634185243
29314859.29129579
29530504.657600053
35453777.1286738
21255746.499706365
42200664.84728392
24259020.8027191
23000987.736482453
19011807.324334465
20826080.138694737
18786208.94638806
18862394.288839433
18717069.02523844
18804802.044668965
17012266.028098922
17472879.92091291
21592807.45347379
20395425.50684748
20569583.035843987
15538829.047022197
16937664.658369236
21270504.108949114
23978282.326560177
15312997.140705282
14604792.486253183
15311423.957472697
18393283.99013855
13743767.299359862
12020980.983197365
15557682.435674971
15198823.112937119
21441701.6719544
26213054.43333488
20457351.984419964
13939639.417894712
12106692.085684408
11885642.65672629
13729756.889623504
14402154.05344491
12281758.650916595
11139454.733748758
23608749.112658747
11391014.350763889
13507931.189541917
12449788.1751872
13598552.002386507
11860240.98828471
11765751.994806504
22268382.594778385
16651232.900960768
11792735.86851008
14273537.831682095
11077228.099295558
11654117.232019115
10962473.679882985
16266707.402628273
12110671.689814994
11501016.971171852
11313495.596380923
11812778.111025829
59494354.72020805
49489090.46770134
52403211.729228474
46872198.706678234
46340463.39909748
49734822.749026164
45519581.50964509
48554843.40365864
60975107.29982855
49297435.565781415
46359291.139727004
54910107.95472419
51493637.41022434
46109357.10766454
50528503.455219366
44445889.69299601
49268926.105758496
45821023.0373947
43360157.70122692
44674119.31349181
48223437.64293147
43897951.99631743
45020180.448566996
41526786.08358355
41734843.82508822
48099031.043101326
46554467.002238885
46213439.06172565
45079855.87452738
42909421.712020315
37430712.90950693
29717679.479275562
25917478.190306183
33635651.25933143
29977112.52685873
18272875.078696378
21345383.490452632
16861554.326283313
24975560.135390095
18351714.759804975
18163596.106041882
33929276.04860855
33370070.224360306
29612283.997607846
19717722.962828398
25348074.394297983
15789746.503699947
22717753.477505505
20997344.165163636
17621270.935360555
17197715.890597917
31344487.686240204
26985420.18972507
16917014.942633405
16932310.920256265
19233394.028192542
20306762.086725913
14321205.805649554
17068819.731346503
17499983.138402954
29311396.958777238
16738924.396818507
15656159.51197913
16900440.50477943
20910452.511100017
28250833.744170897
18313332.327007156
17221985.657189712
15658719.398748556
17049667.319656678
14500584.298371663
18580084.733144764
13975071.7273435
18668525.59131583
16867090.614035062
27983468.2596183
71135164.6807723
16382766.677117547
15670336.791807685
15176667.682144854
16208635.947670717
15975631.855430067
14682952.745268237
15240287.531203624
29340767.848028444
14039197.260013252
14987229.998810688
15320810.599512856
21133410.39829146
16823947.36738535
15158778.44958206
14454342.81721573
16774084.105102593
13963287.672798011
15326742.379919883
17619076.729075104
14042231.349394819
18386976.97065494
14815234.73059108
15164578.50987688
56404298.29391642
46876023.57683805
45346724.19438486
65424110.16203903
49806392.0428165
50772530.12065337
49560854.09881944
60027203.98094978
48254538.81738558
47578723.548757374
45224217.62434025
50392152.685110964
43593960.59216593
46614662.15936877
47363241.88802981
51473173.62909164
45288478.652577534
53699663.15941964
50177969.16031098
55065551.82912661
48346741.490073696
52294517.95889968
44478010.5678475
46362671.70024314
44368029.94265583
42811877.12629527
39083742.20421521
46148016.42213332
49864052.94764706
40417634.94428535
29798817.519540023
34671880.82958177
44224008.16272409
27477983.35128189
35329285.74053568
22604431.362591438
18293495.37926372
27380949.927665133
19512687.82976628
21589324.862843357
21551241.87744948
15606979.25368436
20941102.90416754
23736269.59532468
16714890.778720612
14663220.439689487
20106777.343192063
16750804.937028069
17240710.745341744
17035213.736545224
18466323.37333345
22405645.886849362
15288461.446786186
19549333.365056373
34740438.52237047
19285694.474779375
16392435.14122827
15982698.207265463
15016750.391654542
14632518.069429612
15705391.235331547
19137387.129496194
17525762.045128323
23070782.61375845
14915823.17415497
18273823.173041422
16343041.442601666
33753946.50883491
17406394.880581178
20999670.781727634
26022077.75336839
17243269.44859649
16329549.340431422
16294384.069770828
18374938.013564575
14701967.239256155
15738440.402776089
17459661.699787878
16981332.80806431
14341722.965301806
27253472.91905411
29106712.14830317
16285734.260802949
16285186.823718619
14055485.484964903
22492463.29611621
19628354.94664888
15040380.14654218
16961728.174617536
19346172.708600763
19146540.44355776
17567347.758294664
17049728.199864116
63589857.27284731
39026214.83051742
37583702.819712535
28642138.11476938
20019500.075515136
17866807.403685857
24209524.02378288
48663342.57055473
51653952.56052232
51099376.15672308
46882133.41318054
58010544.983828224
46943597.54129031
47420764.80174893
50631986.81792825
55349606.05136426
54374717.74505068
55151393.689195
54116542.847068
50835443.02618296
50755012.308379374
57148377.60755336
69938579.18909991
47752094.396696925
48667681.3386554
45387284.09771089
48866802.24066167
45737990.50848289
45493420.11772527
45074181.32868843
48647818.353983074
44344073.31944652
50953622.65385769
44717152.037537694
42182284.18991269
44580315.236007884
42766275.35914181
42377851.96318455
42892488.54865964
43981649.23053505
41193054.62011266
37813725.11458518
64712226.957787156
36407239.80198515
38881432.05317421
30379903.08103175
26541300.215092257
25319402.66715026
21483480.40267798
26773549.312502727
21265046.599038817
32077254.013870247
18330040.312755655
23177290.964251556
17740301.459012646
19489713.826336972
35334444.41443558
25329744.677392524
17590821.485782176
18542393.70168184
20321032.46049527
16248618.091193482
17297875.47798457
22487708.59251403
15021089.763834413
19982704.34768147
15157279.62958315
15253706.41416519
21405797.942742072
20641691.41137848
16175972.80029631
16822260.32777521
14485656.799730003
24789949.78081309
16980264.17670854
23927013.948736355
14395010.46068604
14183914.734950652
33267527.190880317
19918441.148084536
22933257.89200795
18303997.928370733
19478271.327776052
18531526.626323838
25462890.383391164
16212379.30951083
28766678.2755175
14214092.86923058
18353424.71789103
17904936.057920165
20760291.677016135
24749591.5949023
16950549.79636579
15423088.710374888
16769680.613536421
17969972.290509116
19222020.528148197
18415688.00772733
14745992.702343186
14242493.581037078
15663125.276316544
15641102.970654324
16056285.072908793
15525262.595680084
15157409.611712594
17641699.90842189
16525767.297118545
56647168.324446715
46719316.22538914
45786233.365521535
52166807.67842956
46544558.24179731
46061176.00298625
53267422.09172719
49642514.81852724
62988498.5353127
48558826.26262606
59596931.13091689
46014860.0426695
44096956.499591395
46632868.491477266
44820140.2862888
52138362.652956456
43755981.51881768
44758267.04000039
45647423.097092375
43575470.60739328
42868823.34125315
49806215.704382166
49437610.560867235
44925777.09001988
42764379.983696334
39184953.68841101
38631808.90967934
41527611.561972246
44322170.561669394
37712021.567128085
31330520.295060594
33889777.19167686
49685144.91576631
35451722.42543606
33028592.189596463
23798398.98438261
35452923.99992891
34811406.237413585
20541887.963914834
21256331.055616517
18760378.502633195
22765181.021455802
30618043.034500867
39236167.34957774
31116784.93652592
28704969.842716448
17514144.329070188
33609786.14942734
19548862.18129295
31873993.703583114
45075421.79402048
93036046.87721792
21567142.69065369
26092235.406316344
15621128.390506554
13466883.753491187
14320808.11022544
13997334.96694075
14723785.79140388
14485093.448918656
16565687.407865074
15742493.39510864
17862895.013709344
14175443.419463893
16734751.788134238
18244351.069647796
17072412.57919099
21229627.633604653
16014209.86587039
21150885.531150986
19185856.606315993
16452294.939857155
12914802.642996956
16407060.568591157
15790674.758890856
14117554.952968258
15398173.788356518
14238031.271834418
14761546.205183888
20925853.707361214
17004879.914720777
14550075.426429119
19122528.558133923
16186885.726231406
21324668.251968697
16913193.325065807
18016708.377765574
27554079.48343706
20035034.86242184
15496663.642788079
15634562.91016818
17229274.85583312
22763488.415943224
36889739.54185641
16153676.339778285
15260203.69945843
12797575.879728667
14754736.84344081
13473855.955530092
15582466.491279995
78315877.07788889
47595546.94934122
49989897.24448786
47177184.52358467
46094242.999850854
47889102.2833813
46506194.30480086
46249730.17014833
45219799.54126163
44893673.10694328
48367074.81957128
47258492.14271368
46576383.50068361
46268280.77695235
46490672.15954967
43151287.13174188
46238710.725628965
45440477.14951981
53576712.98586797
56251983.61262034
51295459.26293716
47802396.20770477
46894638.973352
40747018.55249348
50665444.923498765
41049011.48736866
39329720.49785177
49322736.63744685
44321482.66328147
38449843.96243215
35277583.17109962
38016478.95471528
37565801.937486075
29083624.899329264
29640273.12779916
22087835.783777468
32533268.918198783
53743370.56931367
30898011.213759296
19497487.358429633
16507281.872642592
32037655.14896782
25731319.372391187
24774457.05871464
32136995.54087794
22804589.095774412
19164510.061092652
22773922.524404068
15710176.374852905
31875881.83270253
28628067.6368277
22349927.91372355
32476880.420394927
20286002.56352284
14963235.7436681
21661012.735357977
18295431.10376387
16244199.864771228
20219891.976032436
33836217.76292044
14674168.643946683
18319985.003255043
19012350.682199676
19240429.64352848
17101253.938950367
18223711.18684145
15907772.55249092
20606211.725254048
14448120.830976248
14905405.293725511
15027954.454359999
19135722.159864433
20841043.68282483
19209179.688985564
16834771.47128014
14724216.68307243
14869867.020347442
19687182.35995049
14669437.994994998
18999443.501822658
14645736.754914764
16116452.906424647
13285530.208097456
13791221.600094754
15424921.41703828
15439760.714122823
13577210.605806682
12882768.382550156
12354560.715948252
12676418.048816608
19090991.475805063
23979375.75504894
24062703.846945032
12675791.462750653
17147502.84387135
15185880.743966674
12894876.834450591
13732270.299498826
17529770.33972917
38030845.10777114
70134083.35548386
64017856.001231335
55536003.76758931
46610807.220281914
51403369.56586839
48013978.132855915
47883509.18547201
51801606.17701389
47054749.605786264
50009864.01353897
46432298.92020274
53339324.7019611
45464384.165918246
45385077.720184
49531678.785973564
45154520.09287791
48626777.171106
46292290.679130495
48553709.444811925
44649112.43014935
46796468.76585816
44004562.15908961
40854729.50930918
48940689.045404986
42430173.56407847
43056394.351409435
40793528.48809983
37699138.45840876
35347804.90463623
45098160.56947449
32189827.1776553
29109816.614040654
30869091.472845018
19872963.106637042
30095212.33993694
43547003.044598475
57029401.32928946
37343088.59870148
21307124.040497698
24525881.44355061
17579813.31736452
17949641.05738927
38528239.77675943
24707900.38180352
20938524.56365261
17057620.865626656
20476338.63406698
19048208.275782064
17768765.104224868
21028040.83615486
22004425.39607244
18668691.366353594
18736251.714532312
14444787.384934705
24684675.792124316
19111165.143915452
17902692.018938236
16644698.31201207
21135363.793728948
18434018.6041506
16867055.714452025
15463666.180113455
15032287.078001186
14350177.14165995
21656953.120317027
24583975.742480762
19564212.07418669
15117412.163857277
15810277.961712942
14017406.140012642
29229298.996815763
18638925.66297878
16366322.5013885
17867126.966647893
15067761.702296996
19220579.603344776
15619147.351349687
16870482.582515195
19436592.047899894
15514832.739557426
54172292.222153224
45478166.19041147
15447829.542627463
16771824.451177787
21462770.222396076
14901897.564101726
17339900.38400034
14377508.674705943
18154218.84842804
16514105.754300361
16727832.982423376
14865717.893763918
16190363.770575115
15585524.608615965
16318314.007624438
15935290.95796614
14810060.634461576
14193506.886498377
17246430.271525435
14609391.536516985
51053106.66992048
52289505.30188712
49924973.17568619
46963286.08699945
50572616.046363726
47075698.32645547
48462629.26222157
45417614.89354463
45854445.29266388
46591608.95107342
46617825.92605741
45325445.00081356
46045012.43483196
47069268.51185234
44875601.82486286
49052525.5901342
46571655.82652282
49405885.02392708
42957360.40256155
47797680.360337965
40912673.65310194
48849270.007589385
49846465.91767356
80979259.35471103
48210952.15413325
44649185.86642351
48992514.32164265
45289631.68758557
43425146.28050703
46846484.56167435
45022506.85553769
41336880.1477883
40570656.52739869
42075283.16835536
43631520.34424476
34220131.178329214
32752911.46818149
32845018.074577175
24840880.68028111
22216336.754930872
21259731.494530838
30910424.272033192
20845901.54477094
35618427.52541037
19066545.307527035
22445667.656388633
24173733.50683133
20445698.614900865
23686030.906808164
18078729.471074067
21337875.358238854
32872587.732764654
16238801.726966709
24091755.494437296
16056557.584611725
21984538.460222133
14716955.202647422
36628240.02058728
37183171.406824194
29912119.446689643
22809963.886797227
31947398.95812425
17170685.692958094
14770035.731244061
14815071.8527022
23235993.22806877
34849703.27874274
15244617.975910168
19218561.40478853
28428054.26610286
17721635.863153584
14583915.28837134
16482196.678512985
22249352.04585298
14539803.923262635
16709434.058807254
14956424.049121488
16797805.350133456
20098482.706541963
17071141.89333803
14400490.348509822
14916541.974069025
21198731.499658138
14063301.596311424
18398591.059782576
21729386.389580645
14835185.380318617
16470154.489798468
14089208.805459008
24046643.95926983
19257372.496735625
19672835.229145795
14509478.397933919
15454705.273884103
19923572.570963807
36654401.5263459
20276497.74355762
21270130.685834277
16533188.67757171
13624220.50438252
96904685.47175035
45774417.89932673
51216509.73677737
51995992.86606385
50509488.51814839
51651219.14665587
46900683.52744749
49935176.75680502
49448148.81712927
51946188.21409036
44861548.83927257
51834632.87496451
45253337.31549372
49725810.72455602
49863957.56061534
57195130.41506292
52460929.08895814
48272921.91807744
46652392.65800109
48652476.45190503
42048449.627714
42709987.17910127
43492953.15090799
49175999.050761364
42768161.43972467
45082837.79188893
38861317.480528854
41063784.443536
43655381.19319077
42242562.26898157
53809578.201151714
49462139.63388295
39103131.8953644
45386005.619309604
33131955.551571637
44983259.75246533
34670441.631379396
40215168.80991828
24753543.770383574
20850708.62353485
36441177.94977426
23374714.736461557
21821321.657798227
19806820.90953063
29676995.334401913
20250541.047820598
35415055.14681548
23009632.361424454
26710748.58546726
18354761.603473745
20786838.30525399
18675233.137927763
19470763.96396874
19360484.851094615
17721248.246531796
20538554.126993604
19947966.706493758
19529218.934699107
25312251.228808064
16212087.814722437
17510487.62435563
18699122.568613134
20440855.88404412
19335709.64423926
14610374.043948669
14199520.146580279
13460138.309431368
13606899.441628888
13695755.552589333
12953177.294350851
11918984.249751296
11794937.840695258
18701076.74685434
11798232.424620863
11477421.08128275
11398331.974197317
10894455.735665808
11093244.147192905
12649522.47393653
11490660.953151433
13164931.19917344
16038270.725951796
19526273.01607857
11602093.353119504
12164522.550600605
12780797.748527486
10982515.72618531
11986248.620824527
17411109.279691286
10952589.724234443
12339216.772459384
10821839.480733704
12075908.043546673
17703306.599484902
11730834.462031065
16775218.097255398
11728285.664828239
21616256.104657765
13667744.85147526
10843082.371072624
54835974.59384612
48629128.21703692
50536827.878412746
51311863.43148043
47987329.19816019
48348547.90725164
46717792.11361651
52120626.08513287
50710158.04944815
47415647.277919784
48647275.56785236
47106136.54586987
45281520.48680652
47438886.302265465
44991479.16106274
78658981.76941814
50184834.11484954
43945940.22469066
48489875.844849356
44102883.02713531
48388555.37468438
50020877.42676817
49907126.69073855
43150857.08714383
44024159.30968851
44943895.2661733
43346906.41226521
43838298.96016042
43765585.51991942
36204765.04022393
34453840.39407037
39226309.58727817
31902616.471922368
25285587.876305275
53673877.36982586
20439310.748593457
62786069.02916987
30308862.0244752
18264646.305821713
18077255.683856267
34888384.15485669
19306533.15316023
16258941.766830776
17483202.851088077
15267483.577268913
15917978.63111434
20874194.32139628
16850520.597462643
16660043.08666188
20001467.7645675
18555862.636261158
20961866.1272526
17061399.201977704
16409103.29462659
15970990.13108254
24314819.277733035
17912045.071104728
18627491.930841796
17382309.050737623
17870805.372575134
17623575.111384295
15897429.891419854
25065574.449024875
21909756.861355975
18889814.636428557
15839029.296641245
17083941.260795075
17220755.44250983
14674637.11646488
18207583.447259247
19993876.956873726
14622183.616891686
21368292.0445768
13968915.824876165
15764224.78546913
15153550.892268319
22464130.0784073
14762355.005126413
31916388.384150784
26899358.321227796
20737164.429382462
14375176.989620605
15771200.127729312
21363552.48580984
14416762.102058008
13928249.776368167
32615544.027762532
15686114.586917574
14763481.39313903
16464967.239670273
16763560.998637522
15562322.183469813
15808153.42722852
42574603.678810425
29794319.25316853
19639868.064218022
13742249.42166439
14499733.074334377
14080123.313390156
16792205.96784581
49224129.99793889
52183868.46192735
49271939.42387309
51999436.87572621
51418335.01968487
45654037.98615364
50283416.414566934
51481364.54617183
50854362.47852802
54820008.23289257
54954687.10390948
48128109.713803805
45115884.627784304
51852570.311501674
47094462.719989635
47990674.87766115
66383099.80204992
49095714.425119475
48753641.4722374
56683197.49618635
54056534.50639801
49567318.50089584
48067415.570358925
42608180.2722883
45565727.286374554
52255357.52313185
38790889.44044721
41332435.97588375
39140867.3745784
35034223.331248716
32230113.84840738
33544210.015121024
40454991.16324693
48873220.72779706
28158945.835599054
18866347.1205739
16599689.703688616
28765421.149823636
37029508.82357465
25647246.318308197
24624098.07164342
23242092.99947702
22362563.403383777
20823391.314359795
21992396.04201596
24527897.314762894
19228412.47575859
15743191.777973477
17942300.69537528
26774076.19470799
17091297.602651663
34058780.40748593
21500700.84357166
17073898.041477624
19282011.265439026
16438801.488371383
24806132.608463485
16643561.703430697
28822601.43705873
18829097.94762934
16378546.13006514
14334753.81961233
22780293.405547705
70076707.66210039
23830701.96171683
16798930.611332383
16329043.02662075
15229255.99250867
14054556.756201882
13645207.745523077
14281435.176591953
17022050.759772845
21428006.880204473
15696372.391347384
16569628.779773409
16162556.816820249
23159158.053766992
28269731.050066404
14674911.589631528
18750171.645954423
15212292.426338742
13817647.567254389
13271235.341397177
30594549.12231021
15450040.100704333
13329232.262223588
15815481.881483957
13463839.173736583
14217490.422585642
14419782.02717703
14465551.985535428
14831253.302520242
15818222.041858036
23059911.60213693
14921468.088888343
20588757.777835317
16827652.3626689
20461240.87071177
17748548.895831376
15084600.124751499
49585802.652203724
52250504.74247109
59939437.92684929
46926337.02365528
49780293.39758177
49567894.01252188
48229520.666145734
45139662.100249186
45089098.60774427
46183997.66869128
45250229.07675089
56465413.12020719
48152504.84640974
45429480.375731185
45532468.109565035
46882148.74680449
62956939.96377541
43988034.96559498
66554663.51751707
46535534.95269859
44772015.3853725
41074327.94596136
46132952.04436877
36452544.81847153
39022960.20625697
40245310.06315456
37443236.234586045
46370235.76643936
36806277.25593762
40186489.86998538
35873797.05300607
66210296.15350503
27452053.459123783
41285535.462369144
29730504.591239303
27010627.757089835
17973104.46648968
32496150.239168037
49213393.30134299
26788489.35215121
20119299.880472645
30216966.275574785
19597492.699619904
22301619.60777857
25164551.15822886
22072535.464374743
20842474.447660856
55424805.2927265
19232294.537761353
18270826.740963195
19237838.031974792
17042934.336223923
23112800.220263064
28857041.220576484
19415595.080886565
21380620.218971018
20141117.07936635
122670704.30382629
21301046.565947045
18438210.799759794
15333127.230706673
14423041.020147458
13798375.772326946
19142468.87101622
33149573.213631134
20776906.010986157
16801767.02933416
29083798.925255753
17069296.441971038
20699845.593583748
16306143.579520926
14944884.087406343
18695533.57150633
16915018.814604305
19695356.091905925
16866417.08292677
15310782.185103234
40417112.052077584
18429844.599342875
46600318.31475998
26207595.14327097
21815507.103429165
24935230.11255092
19979509.98002667
22937683.720930643
18319405.554054223
19927231.029936288
18623234.0342845
15581318.784671312
27597192.754161507
15328643.217698436
44032610.66241149
16201012.216267949
14139703.471056128
14895877.299368124
15557441.910082903
15354915.509147208
14343335.451369032
15138254.240518715
12311920.342632802
73522915.78700446
51003889.304313764
50085676.750628546
46854629.04651217
45971497.243923046
48118971.821482904
47016389.270556495
48115628.882891364
47376213.47536923
47135835.75895677
47303552.13445555
44803229.082869664
55498534.05904283
48626658.670647606
45031313.399176985
43140214.95186951
45865670.29468205
46226645.13966265
43416680.511397004
44883897.064787075
50594604.2519096
45042355.84572743
47045924.428217486
52862110.97597359
46789274.88188253
41696110.315305576
42289824.49285796
35158439.78265762
32564443.26668393
31688913.973204188
23003172.549286928
38239750.896668084
24053579.82040531
43623393.350902036
41306706.62614348
32407770.693937648
22974320.54869887
17043998.903794955
29152234.595187396
17915624.41724879
21328823.61006359
18357908.63551104
16738219.562733326
23390196.47891239
23721079.22920931
21096756.903053027
16897673.418301784
17506782.932924684
30719665.978538018
15150628.889790405
14974407.633364726
19395966.26785675
24719336.872038353
17911797.375141054
16358625.784437263
22432126.32196595
18048986.557580672
17687453.840842135
22648771.180866364
15770701.264245216
17365892.8656438
16207410.779248381
15104578.192800622
20001462.029944398
21465909.84991827
15425660.416947478
24306362.309462477
21281099.018262513
24137512.854546282
17014896.196235623
18761118.304272726
20897972.91533739
17892892.085622884
15680207.192760665
19583332.011948876
18194835.029117666
14564343.513283942
16268790.239653144
16455238.492542297
24379210.800550498
25103926.87139812
24840408.233795766
17176871.899052106
18688982.433772918
15399340.826490453
15664651.229750555
19716500.27736055
17803535.711384755
17756034.646381255
31167775.190905392
40941924.44710592
16787111.23096288
16795248.411504474
16139784.90847068
16213275.951376703
14129788.755226696
22569518.428679936
15301456.491822708
14035646.819217771
18425394.575623836
56061518.75716408
47195146.10580184
48925262.18262252
50280208.67321128
48661592.089468196
49911452.606092975
47633591.08378885
48303215.850724086
50817295.1746252
47951780.112908736
56015430.670626804
52461346.466067486
47150373.144777134
46050224.510229535
47400638.880609825
45636754.4173464
49145741.82278118
49054950.17555018
48271711.07583547
46000819.78392674
48790256.139832266
48452065.02948197
51834326.11864887
47922790.907905996
39116865.62006478
34007969.86247395
45208693.76158051
39244733.0008208
36605034.07400413
53613520.02070423
45745183.92765386
43131825.05415813
34701235.95458417
28361266.529231943
27522976.678889625
46329820.71406048
40239440.681447044
39333179.45089228
30002549.728124954
41946927.04569735
22776041.091311745
25627006.15161665
20538273.387164824
18125462.663046915
18144363.420318283
18584344.609182555
25579631.076994684
17393353.40903152
16688690.532295838
21355439.31680087
21274778.847813748
22661405.7788243
28192420.878265154
19063044.10515966
36365918.4191553
38884829.82401791
19600985.993179794
23998156.027567726
51192205.000475064
24689562.363386903
106489245.03825569
43725092.275778584
41789440.037977725
38545397.6100827
33672532.54768097
24297819.083845835
16420562.416267285
17097063.984715953
17203446.024733484
16242728.794263309
16575134.486251041
15173017.034866935
17129830.97340197
14697077.946637865
43331562.127391584
17125263.937662505
33755848.82999805
14184811.029985026
14627693.940806884
15468719.018839106
14061320.080323717
19394173.23324991
16172871.35211516
16472979.54374229
14873196.094867583
17532889.647673268
33553824.06478575
24745443.23819084
40299509.73896001
29249032.570904005
25268758.595452283
17808012.197601054
28008286.624192156
16285415.992522743
17558652.840063512
25062056.709732477
19299970.93917535
29990042.370900333
19156625.79461488
13833341.441079011
53468809.62906676
50819645.96263048
53777692.36682262
47107211.034335315
56550626.07054697
48802299.04008941
48248824.37972015
44559123.19378725
45813968.95751736
46888492.124965936
57034326.61386721
45864947.453893244
46000048.39230984
62155271.223048046
52133547.38240434
53072679.35506844
45238489.04599629
44718739.79797539
45038711.67931126
51500329.80483593
45449415.77940283
47207382.79770224
52473123.166431025
41439714.71705148
45513593.871482566
47450672.30327915
38252918.08936554
46589084.82458772
44544249.800294995
44926317.25923942
34835462.67117052
35536916.22042341
47502580.32111747
29416749.970035367
24420487.334070973
79970940.41569662
40635959.40380545
44420197.0226333
44441590.09697978
44395647.58257528
25740628.042419113
23647531.627499647
17846193.65012965
19271470.132245973
22295913.693647042
23782255.585218858
34468122.290983036
40832346.650659546
21556467.266627982
19021345.295217566
22725353.893959887
15528098.475199312
17056762.425396096
23017771.84042762
15616653.231289715
26572186.630123354
26387898.658564102
19450246.346525196
16312781.468207479
20111961.42673094
19087724.58970803
19489262.89925209
17536625.180124316
16958166.67242658
19133158.936078485
20784258.514193658
16963389.77286274
21033272.54990186
13911183.153165579
13844189.985290369
14672698.716627711
16721811.78660355
16641946.333324632
18729981.138822768
14202183.14568311
19253746.66773894
27887999.58503446
16032440.65734092
18401252.89101935
25596474.129956134
14595839.562552232
14767081.558552206
15195789.213759396
18008124.679937594
15736849.066334387
15869940.219917381
17606000.73634841
14611111.828322705
13766192.939676959
17099557.639498577
15465600.115337491
13832250.162638998
15091896.945248961
54752087.76137968
24397112.2661205
14713589.484669616
20814236.31541034
21748256.245372556
15844562.23143684
14731233.806676367
73357219.72500563
52168484.84004678
54010201.434555925
51125442.33267605
56600379.17055291
51112400.36258054
55345116.999087766
47596152.51012991
53639225.9814861
54332922.32727307
47729844.08269153
44953605.06619492
59948255.03216438
46272903.42780204
46294141.543045916
47178632.0119632
49229613.87275889
44234881.33911919
44355726.494093046
52075600.64310818
60387303.892969385
43245550.01690808
48330826.51421297
48332430.162970014
70364640.73795494
43217913.10447325
40543682.90845053
41905142.37242782
34493441.273957804
33962325.80367618
32553033.736965097
30228010.932339728
33067536.414326318
28981971.406807255
26182737.55191005
18706432.53199815
26433607.77592682
18844759.774216667
36097570.406425096
14402434.590146217
22003022.000240844
16523984.282304492
40112794.37516476
16646846.575453956
17125605.78709742
28392170.44550497
32139010.740861993
15125182.653670967
19229298.047142126
15024106.478491405
15928349.19914417
29851850.980835456
16619087.569898302
24752644.986669905
23761689.35680444
14957859.837989325
28927699.007892918
16130278.969808191
21305393.721058726
15959589.359019537
17677015.79034487
15280993.242887398
16341274.836889898
14293607.585943142
15519699.63962594
13267933.018596705
16853238.801185705
25524903.121073358
20685393.10004009
15191506.817112818
16417782.932870343
17024000.833646256
19281121.24101921
17757166.77063234
15863288.644618854
13822691.584869783
19324444.94539029
18403695.55470735
19392114.437687214
20173161.775612053
17479826.734599967
17914707.312414303
34265820.52594147
13656809.328873772
19021880.79801882
17466378.676927593
17694944.77056723
13847481.17342409
19477050.65715062
13835834.3300885
12893336.170972236
14580176.865002537
14063102.317449544
14745600.145269563
12961288.387752863
13982490.357080514
14565369.393250262
15313398.676926538
12805183.838228798
15909535.723266646
47145988.69979283
53408759.47813672
61858797.93875021
49224625.46769134
54609826.13664298
53945702.52159351
55743783.9110968
45442093.14302431
48812460.65347349
67237436.24097255
50466244.50085177
52611531.34653082
48793372.538225345
47451911.286224075
43625515.17664875
50166595.12262708
52486472.98086472
44146455.37940581
51129653.03492131
51210649.57886057
50020302.56140311
53332212.92011958
48585683.7846966
43762315.89041265
52153833.25349831
50610134.77215515
50009442.34975454
47560873.047246456
44185781.56324994
41667639.372669786
36839008.83622212
37643817.2129327
46192847.58203208
45553531.16495471
40244015.29789112
39288910.958981544
27611827.920604736
25395040.408508766
20470902.742780857
25958986.060582794
22898432.026098754
27830124.837634645
19385177.475320324
18919670.500809103
24191054.318777125
42007947.171094045
36539764.68610961
20211820.590965502
18295180.782161668
17260449.75305585
16332575.85338602
16732831.685186485
21404354.493124224
21114401.24106675
15612286.74526171
16453268.940973435
21316668.353067897
16756459.560399601
33153980.424313743
19137055.038087912
20443247.338470712
15504130.106355244
15315484.347009072
17081341.601345684
38491953.40472282
21225765.95206317
20786882.531812385
26513722.428158257
18998839.72086871
18310694.437488254
17854766.659600966
17083934.542297218
16400777.688479159
17887759.840138488
15806071.061075475
15668701.802596843
23145872.941624213
18430829.11449938
25830230.115948144
18407198.621700596
15555698.228705823
21860558.340538226
17860848.4005151
14761612.182898015
15470824.163594192
16725650.110113949
60682550.96102238
19362483.902756043
17458380.709506493
15717898.633318072
22983323.333907053
18245774.79708285
18933617.316496357
20479115.761970654
14935447.65433104
15745454.274315197
19216248.969959237
19561964.594878733
49525609.905435555
20260607.283915322
56748349.42764622
60243398.58848504
49044726.69058725
48555759.15871937
49517458.513662755
51866106.98274012
53062012.02842744
45240656.1166686
49188282.80490315
53216995.3702516
51931084.476265304
67602838.11404154
49208761.83888791
54114717.90311086
49160029.97749023
44847535.282130875
53569658.927664444
46338609.769907445
48640047.79218744
43921711.28996459
49183594.847839996
43628703.5730862
50885455.50339618
45519231.430999406
47019830.28372148
49743315.513942756
44081262.182044595
43851605.692648694
45505071.21016235
53831155.2978665
41679791.76673716
42591261.98132868
38348018.377599165
47374781.619990304
30362423.151366275
24819758.631839443
23037806.644129403
20567624.95657376
58818819.61417685
46144947.3638477
43525001.10284917
28621092.369851343
19920872.15348017
16381282.415684512
25545428.859555826
16586434.524774596
22181971.317276496
16044879.995277297
16520656.68019177
25325180.99411408
17408861.145361893
16181136.87244668
14705799.735881452
24004140.918658216
33333881.23857543
38934128.98251059
23739999.704634834
42424616.40101084
25909495.434326567
19658643.062366795
20844547.683330834
24179263.236062925
30728505.39264097
18436504.81841453
18639573.23339518
15618201.670323536
18791441.808057167
15984141.330761787
16586252.402361374
17211690.8925348
15730095.704091568
18528127.001549263
15700891.270183329
20170882.9977502
15416621.80095486
29724135.952114075
18113515.89325785
15494349.43513957
19448264.315891776
17617053.043200254
16364887.804438263
18985775.846798357
18480134.333170213
15378361.399835486
19941593.635581754
14997103.564098448
23486809.83824021
17175858.09969015
16587298.747198528
15770079.287769828
21433863.234318335
14728624.754672905
18560277.09614937
16157733.782138726
18653242.25118772
20707415.595766403
15184191.196872449
14794426.098792935
20168524.30695449
14426424.858402025
56729619.61641304
48312518.275757
47640376.1458184
52226536.68982868
49225808.4173743
61198365.98858957
53209855.88524343
51303953.64958991
46357323.11381137
55788579.54998022
50740533.86566539
44677876.703824185
49765610.88892244
55411899.585233256
51349066.068141386
52893102.30053757
47154711.50762675
50092274.708166204
52401798.978728846
81671393.65385708
48466275.195044234
44748434.25502837
41335778.349160664
45121871.63725893
48425347.64084556
38853045.434360996
39127034.749493495
35521071.173779465
44775241.638802804
30537548.31120477
25329857.546435304
21181839.69776268
37292066.6464387
17737566.83027023
26690906.87873808
21430991.785512432
32210213.877862
21542537.552034266
19734091.966234338
20383051.134954624
18752078.20316685
24969315.946733676
16384456.867392633
18507246.748000182
19407017.321797896
18773927.14724553
34821105.88307662
21187818.17457394
17654234.076304138
39051117.081049636
28510713.359080292
19985582.595647536
20474336.13476499
44962240.64833783
19725537.016782492
18880105.13483019
23711877.97894951
18610551.779203407
15735623.460986871
17948468.823044844
17952744.092681013
18360720.86334846
17168783.31626447
15810194.953359496
16463244.589923656
15311027.627325367
17527394.77505029
16502265.648211395
19374751.502151553
17796982.90011259
15972378.823477576
23122967.448901378
15170259.150976416
14310191.504435036
15217382.350224057
12757773.787068365
12739854.814323023
20089697.663050327
14864046.282461256
21449448.523032013
26963915.81780226
16201394.248230636
16101677.68287364
12338837.456804482
15411278.191455966
15885136.654187035
12666429.15897515
17732913.394782864
12654862.476047855
15404540.204942685
14340731.719283277
16308832.96374467
13202919.971850751
14812716.328127896
16361378.466770714
14209228.925658777
15366225.393743688
12865505.311983326
12532579.293780573
19729541.08000698
54307923.67267253
49667320.91214927
52096911.7529089
49798709.67474615
47348435.40398844
58581873.21410905
50262220.24774003
50659239.43433357
49847433.41975154
49871949.164601155
51077397.63189516
48313223.69755654
49934876.78786764
54780871.34295319
52454159.75085057
51012571.45366752
54836365.39876683
47276558.8018759
46703371.17593004
48099819.700947724
54292316.08397158
50802042.17798993
59660899.18401533
50832702.1062046
51023287.327175215
52918489.152772635
44097464.09939323
42687435.3073429
46397261.30196841
46106705.112738505
41539821.034036666
41728267.572700664
39755129.13889904
37256538.53103123
36791944.85806726
32138952.317418654
31944881.239895843
36235933.76896684
31991398.41601511
43896036.55650084
31658871.622435264
18484675.066785827
21098420.544634886
19043171.14306005
15199985.828951474
16454698.631448543
15972871.867849797
16809578.407661386
21505580.70931028
15497605.645313352
18483279.791494608
47367855.079528764
23046781.441127382
20285068.192202847
19111207.620188694
29030669.06427925
21741496.875670873
16005482.525746906
20507585.590176713
18805923.763087787
38077858.80470584
14467198.102741858
14816510.12773871
16399482.530476635
14229460.292032475
16302436.839686045
14545114.292363644
14208390.282135049
16510359.995250642
21822419.692366347
17342488.61504443
15866853.213732108
15812781.07767808
18288856.9722692
16489458.49535808
16981359.03628869
21648409.024901282
19086468.9899458
13780826.531518217
13808400.988368466
15559665.820037568
17156204.332441766
17803473.64910247
22782880.58971376
19923923.933863297
16534963.059508255
24101152.970524
17359728.74569725
15871225.5339661
16634268.046460086
17465792.24475109
23286013.006226517
20159354.707457162
17613522.09651633
17955730.885652073
14642348.042360965
21766665.92340937
21248241.107657503
15255678.619378697
19107988.530401267
68050366.9912781
50039596.41114716
48573765.03877792
48082373.59066831
50969673.08490112
53891719.12905538
49407370.233974144
53687668.59832372
47313191.63284621
46297713.18882939
48858583.65012947
49471143.615358874
45719136.4071704
49606666.05597128
45769974.79840815
43841165.211742476
49982707.4153763
53291294.645737216
47464479.850076206
47350661.734374866
46641823.5096001
43836489.517818645
63183125.49929845
45340352.72761553
41520331.55770653
40678276.64273466
35618906.07930188
35347920.05656291
38841553.62909588
37407350.22735398
36020537.853151605
37844843.293915555
57738162.102283396
53782898.17648379
29794189.732952513
24675830.98180213
27619781.81435132
21366994.711917628
16427352.048278332
28661518.258927584
31212506.043352216
17758222.523328565
15872108.254006151
15294967.200380262
17392383.420242213
15825665.360360855
30930068.046004217
26777782.0814834
31320295.800709374
29071242.2407057
33597461.989900224
21159561.179609336
18914933.311574217
26892566.75244351
34009942.11479348
15413156.559843099
17310261.03945564
17741139.950794354
27488673.931593288
15532047.568020687
41106197.88525192
15862995.221834715
15201850.841892809
19735297.5377114
24247157.293036066
18350925.820833523
16772634.823676204
25481764.94898985
17989201.49686608
19137253.281820323
15594079.154593978
18054512.64826192
22452181.14480327
14777831.626104206
20825060.541386195
15497217.320320874
14217282.136831354
15859650.417369818
13856264.067989573
15596299.833420474
15802924.298523616
16793921.673770845
13756409.169025939
21761881.573054526
22223014.048293166
15151150.133194918
15335289.946095694
18688684.60009524
16849626.05458394
13978672.334397286
15427004.650704464
25943791.265587814
18493601.63097585
30253137.278264035
36080019.41733174
19059004.943123117
13119378.574695047
16922830.285941996
19208937.319916286
14288365.210982269
100405054.16022944
48015365.560561635
47203074.93553351
77488312.93499991
46358015.09915413
48647183.76616986
54729019.99907223
51072560.150850974
52169779.94615505
49817517.96162163
51094088.30646083
46817533.72461624
49691358.24072189
49615645.82721461
49144295.45550226
46880693.654400125
46244598.61941147
46586463.63864093
56390851.187179945
48562454.37201619
46873433.90408897
44710705.14753312
47804848.33960127
39802246.40542574
46200569.693005346
43220565.47340286
35418560.21938408
40800783.554392785
64494414.29751946
58643985.84908833
55599252.960826375
46834389.30181821
67708525.63511999
54247259.69483604
31745802.505443174
34203095.895043604
25565392.186366804
24563673.133708026
24701491.96164211
16613444.988022173
18359437.172479622
27186816.10491825
24458554.560070135
23831147.667413097
21474667.004691843
43423013.73602693
30382271.030467104
22073065.052327543
32478952.764506273
18511035.807272606
18711290.9277014
16721630.757503632
15864557.764781157
23298768.634561308
27922519.923743576
22844610.71130212
19192454.85687297
26150437.759998553
21439455.564441737
21414731.456296146
20670180.781349353
16525350.987206578
15050175.093027616
21536720.98763875
18810274.50037173
18468449.066101074
24876764.50884312
33047886.670908578
43953773.8248389
20822127.35047311
20367263.789543085
18354615.403400663
19216289.0211396
20223642.99460993
21646020.94873991
19723920.76729024
16713904.238611665
24002300.781810787
18312598.29596696
31887110.18509212
15839969.204728212
26122161.716211267
18851148.459852967
17660854.19676538
18212072.765857294
15725322.367208397
14630889.824485535
20078054.56578488
26032856.88600539
19264081.65229874
18777632.58057566
16571415.004740119
20113349.458234683
14285531.034463078
14349694.490367344
18350839.481474616
15382568.625190575
18163623.55987593
16915037.976254135
15537092.20227642
63150019.344337724
54654065.86785469
65537012.910950705
51796300.55660002
51148455.50497563
53441792.96735894
48065070.09847066
47348464.15622191
47016617.853602305
50064065.541237906
47314594.157558486
45217709.88964925
46177031.80874125
46908073.26382546
48075840.93421358
45796199.32180659
45173446.38745441
43843900.42936859
44591606.95648541
44115849.375067145
44657886.048595294
45562457.35188524
41873802.83115539
44649080.408783264
41920705.714353636
46371869.52362854
43834303.10617091
44476854.917333886
45636521.07249451
38632110.60837614
40551363.74191948
33813560.769440666
30866199.019459777
29061425.33234793
28105111.515154622
37918069.94480627
22965294.060841925
37693030.504899524
68767435.26342824
35687091.208374195
24373603.64393402
22245150.577478275
24899457.30823146
35676061.07072044
21655199.10571697
19218624.315672684
17914444.78485353
21027577.99647711
21424679.72338266
42301026.32419218
23385341.887231715
19561103.114790775
25318062.173278462
20194850.575863738
16700732.140297249
17420610.901906032
25515616.60912826
25700922.45695788
17478505.994416717
19112784.44666209
27756818.684384145
21269419.989483953
16208257.217439208
18799241.36121457
19458404.805419724
27746192.917370092
30678855.03864467
14885983.70277079
13691493.877255008
15262522.262680823
17276631.32696275
19476386.439802796
20420636.555408064
25037204.35207467
27234769.73767277
16213697.855331138
19152316.7608776
22209413.74041558
15232761.25267752
14163059.402773682
14728931.626514677
18961371.053730495
15525037.453123122
16165266.628416073
16898539.956780992
15932851.848659575
20495219.570323892
15741069.699546516
19355796.719854657
14080547.98411348
13432153.263578951
14503300.107646886
14265404.576628614
34897838.46312873
15802833.319887599
18212956.517021008
16922772.678568535
14356073.587900689
14116673.794511367
26469816.145278223
56578052.26618793
49612280.75488888
67520106.00543033
48495787.55451781
46470634.677779034
48485940.677686766
45652600.023811296
49377227.48263591
47957487.889482066
46124996.96036039
52782311.76237991
46569840.61579575
48502079.74254991
52990374.34595622
44261385.52541296
48715326.55005526
42206753.8339109
45908973.14962415
44764619.259386085
42904257.48798072
47112849.07897847
41045630.44627589
42511119.30597654
39449666.63700763
41390310.93268281
30183714.028779108
44157628.12525876
33248859.003333427
27368293.843603514
30587848.748388726
21309306.083614863
18614165.418164887
18101473.52028095
54928407.974437594
35940029.6788831
21404800.017400406
22711799.20872488
22151888.535364736
39143838.26611211
19811910.20573756
23263158.79604968
25496358.36786936
19518047.17166933
22655247.90502272
25777857.747968383
33371294.88393242
25662405.216424324
24314667.22155485
24061765.543611992
17897021.608364157
29084133.63802383
19352238.513991784
23336869.29860557
17621897.38711614
19547784.609957196
19721434.54396168
16527694.800300796
16337817.614163557
14867124.00405615
28381345.47522459
15787624.176822012
14606512.994191011
20226795.12470106
14710481.921723064
15720949.779176658
18081032.077734925
21012629.227033935
16368098.125263084
22896424.024777204
17851169.609928615
26638827.647503316
17821787.96662498
17214063.549632646
30908320.080700777
15125571.65237237
16635251.066575903
16705160.30444884
14685597.54987232
14853754.747052794
14723225.491178071
14757374.532129053
21159638.907896087
16378619.83398408
32248492.33375554
14161554.304866916
18591235.585314907
20061687.250825144
15260849.915150488
14461213.6414481
16801549.099864118
14758581.770591866
18955519.404673304
15643371.98926111
19129025.492781844
13491276.95629386
14005302.93605936
21406285.198572636
21489117.62736822
15702733.66133142
25928403.64082562
81049725.08976394
51619595.51048814
47221048.92035745
49431164.478906944
62233654.14360992
46440384.317206085
49171908.38486868
44662520.04733594
52451979.363672286
53474669.54338087
47235430.021117926
49217616.49334267
50864005.620130725
50418508.717545666
48850302.660624646
49980652.68210699
45250896.115597725
45466120.73054773
48059217.71712433
50207650.21289849
54730889.37980143
44108048.25039513
43759070.086324975
41848991.78810139
44849896.20571393
44207445.69351967
45633737.48244866
46386522.97383181
44989882.49643134
45959436.16400443
35504159.17861408
45973425.61826609
46877537.41669514
43331019.25317104
38258672.73121895
33604622.21358092
26310575.922465496
36455113.165789165
33028483.282801937
24854779.163221546
19864716.543985814
20766607.800757654
21214340.081164565
21663104.822000142
16381247.692127842
20274011.498048224
15635689.369834414
16619884.388184244
17588624.371984385
19317553.771806993
18452715.367328994
18298601.794212643
21303199.61885252
19087645.41764999
18238299.46085531
19747040.694828466
16523912.360770043
18120387.075220432
17460268.284026943
16081343.954769492
13750937.221569937
22181034.702407196
19072156.303123843
19070542.969854753
14100150.663773045
16360367.860580623
16131028.597778115
23485635.199185804
19039718.23581947
23139197.33172198
19131407.978149373
18570136.532577954
17285512.878956985
17016533.990685478
24435537.828001305
15877786.63781028
14091780.642401103
16830751.367162406
14168619.886466911
17484920.710453473
15424980.406073626
17035450.09135885
17709443.30761467
13947266.025507072
15090494.021784922
15512168.845047902
13686515.507060323
12706782.23167843
16231719.466063421
18944088.444770496
15244398.497475898
13981303.075917736
14358878.027347287
13124989.61160136
16364000.652205348
13435933.244292647
13009078.236277757
13966699.374099094
19583160.12659021
11354756.867891332
63802083.41984912
71300909.09542413
46743141.545086294
46439302.517003834
49326093.166330084
54207274.43826908
50265848.54034536
45113426.70968798
45001505.63446769
55957549.641669355
47542936.44848322
54547552.50209004
44392223.63561272
52024160.82444502
46257546.47479455
50099518.90769573
45344396.65264452
49845702.55139321
51362458.54026084
49457083.00597981
43799087.33819248
49378678.896165356
45756835.47695835
46910558.52302979
43593124.12763952
41769103.890917465
44479376.91993885
37262005.48851399
41987190.544914305
35285724.54993369
37876339.50690727
26455184.1389434
36900280.6083263
38931476.961296044
32285007.147677362
26087890.878801033
36938334.743119806
30997289.049532987
27827761.231649898
29959927.290825583
26894537.255307972
32033453.526377805
18610866.938408557
16992234.7252008
20799342.45358877
19712053.54776902
17538720.21840259
35629231.81250606
20396612.749358423
20037048.218685262
15602347.488448376
20386374.713426635
16468567.395770878
22801240.822685335
30102994.897400685
26516200.99417903
15582306.603691593
16301925.775712822
16675347.706240337
17267776.13501651
22494321.653168052
17056356.614133403
15658413.872188041
19831195.704527542
17529850.80847283
19011687.127291948
18667592.86764609
16855711.817312937
15506137.587305387
16289401.794411447
14460687.740645742
15480455.756642621
17107425.886364557
15182285.15328084
23307369.511285804
18417367.31900736
18000098.136058047
16178002.218651244
15561122.490357464
17306797.0244582
13616646.78117096
17062799.327056155
17396214.420582965
18737356.321889423
16513800.614964385
15804343.516377028
17928241.49573726
14597863.927041385
19760706.322399992
14586161.877849976
14137400.6255276
16967333.22226673
13883535.04645187
15096691.816650573
23376485.836854156
18607625.20315283
16571965.355620975
16335121.573039467
14234854.05507275
15222281.269652223
81621083.92915556
54908165.15235573
54464791.37168006
56396901.640852675
47027241.88745486
49055286.77763077
47017647.89409732
54180315.48794359
46101530.75235517
47211966.57422273
46147831.00087876
49754993.74634942
51411882.43017881
45714406.839175284
82248172.24528426
53913650.72874441
52470065.315781616
44787208.539294936
47231720.16896126
54469810.07663687
51471156.21247477
48333388.54483366
45604008.974343605
49519456.20431231
50525746.122210965
39277475.07804349
43287570.11107784
38890394.087858915
53592393.55631973
45725149.27170754
37971099.37676998
30363198.258278113
24973447.63907724
22598199.373017635
37660048.12288406
17779038.26159494
21476842.86870829
19748851.249502473
20855778.937831275
28893095.35699619
18518489.633200563
36071404.63280407
18622780.05533531
16968863.372983072
18696043.307245784
30399690.14402976
18959357.25975794
16787514.167134568
16276604.790173223
15439293.397688273
22264244.20049764
17492889.686968084
18110686.582185276
19664996.769909892
17425831.150479876
28162957.8218897
17946216.23349177
24415863.5879882
20262870.507017784
26015010.035469986
14422469.206966344
18823930.13890477
16389060.012405535
17603598.250758253
15775653.573923012
19089651.060725547
14831744.756100457
15322715.646938628
17643057.610915434
17806987.237853173
14017773.208251962
32049655.70520296
15772222.050566886
16143981.355734173
16002097.711996743
27755892.183423966
13960817.139619619
16353175.672606587
17863223.61393427
16390373.406299178
19859962.192342028
17466996.032957267
33390219.862346172
18144708.759135682
22512657.683703728
15323933.560599739
17697421.17686493
14241782.278014679
17212808.02589103
15480896.177555133
14603293.428023696
14225080.754401278
15834368.963787457
15909929.499000171
16043452.263565758
16016675.825028578
21108262.91027601
14505557.992016148
34025240.77054616
14902304.962884268
61262583.14979923
58112934.69570575
54314609.512196705
52040364.819849804
45966671.107890144
50948616.20058711
46777380.72247217
46848298.3852432
46408609.57760535
44119095.961073525
49144035.39999978
49545160.13825194
43494587.28113037
48310232.11947219
49153111.90579125
45930895.78949071
45755884.423554264
44243075.240175374
51670423.397106975
49074125.572888665
40861387.206507534
54561657.47521019
45961050.56703724
43541551.05954858
48085098.946690574
39195943.28071439
47580506.60112576
55594117.42604091
43761950.38033144
29110007.53403298
33035086.337307177
28365447.88935398
19941985.244536243
25004752.624804564
27306987.614990838
42075185.00966559
33148816.447095722
27188312.38662058
20440646.37537645
27284840.371496744
42899833.04363399
32433023.970278513
16975785.30972032
24291712.673085872
25842161.242000688
36302299.622166105
19288689.586979292
27184151.55987991
21558214.196646452
20168417.582785223
22656021.380829845
23972348.050955564
18515387.52763941
16256559.326854404
23158979.170942202
21260805.038344115
21136771.29383323
34113861.97342656
29417986.66135649
23171305.27145568
20177095.038256444
20428934.14011292
22148138.968346838
18048602.50856019
18768122.698810995
30114111.17752401
17247496.07159264
16336599.245930245
25672002.14178556
21347638.93315784
26386893.314273626
21264988.174467716
15835375.241163898
27882503.85513916
16808575.836663447
21427906.42228757
36125494.137391485
23757059.329958014
16811109.16260054
20504477.079771098
17319420.269003056
14715123.193036044
14532171.1458512
19057912.15814743
21294906.15779009
15712759.34105143
25825873.911299054
30810616.526301406
14960089.52373116
16110291.01285171
15176575.76973022
21677965.487087537
17166866.01641559
15632820.154928276
14798855.29505609
15312192.056046912
15892833.217984155
23331760.20137287
15813023.84264209
13484591.684023585
55319922.55018471
49235994.09637208
49503984.489920475
47895983.2292434
47726276.16062508
47184222.93520628
46698437.67768648
48021745.194242105
51792012.21650199
47818933.5596208
51719723.196283996
45759135.820682645
43165001.037117615
44651024.33380382
46717415.100576386
50948838.88814052
49971664.73944318
72554512.7453841
57520073.702336565
52040380.43049234
46968806.45379019
42345170.45897703
49091953.988365725
44652107.00379788
43395448.710813984
67726740.10832796
31932638.521392126
42925556.62475208
25833715.537240125
33388657.8479711
22246333.017877918
30977647.16943013
43701507.10455933
28334774.981410064
53913479.78152509
25638096.27252559
34768878.23500698
42212933.01304155
28851612.398308087
33760537.46695669
34751369.67367895
29373519.663430475
26662111.80428056
21875958.05505262
22121817.47723431
21714590.49505609
38871724.727515385
25561400.62161514
20062449.067578502
22850161.554689914
20121155.569805108
21661004.380187888
16489361.502524087
28734112.507549576
20126736.052062925
20742154.56427079
24653054.53444407
25007665.438565515
15112503.97318677
16592628.927778158
21368935.724018976
18346625.452535685
21560187.50070822
15922945.982826483
42757985.9248806
19958172.75535988
19191174.025785547
17440234.358350344
17897419.155824546
17227373.223061297
15950193.154467732
17768991.76800931
16686052.304806713
31299588.326159537
16232449.416427609
25051577.327509742
15807888.808874106
14019859.672134694
17372994.955515206
17721886.60737502
13730770.796228895
14205311.43936353
18287327.354959734
14874484.47509515
15261953.49837434
16703827.35737153
14896232.370128606
14775850.980375782
18559708.659338195
15202453.904312974
16152720.3086331
17033410.80557023
39779557.44930281
36120342.673405066
32487070.26958201
28051921.990742415
29417442.057011794
21657996.093583114
16420644.079189217
24168840.03890516
52025166.068008974
61856627.357435964
54984144.614720166
48230232.1001866
46911026.2633478
51983498.22490181
45778937.16079173
50106348.13731869
48701715.821764484
49632482.15565368
49394023.938761696
46801095.181006566
48030645.929238066
49094461.428459935
93827971.37222528
43047101.123291865
43723380.577758506
51302206.5303884
48549911.74088511
43661693.36099221
47729236.73609822
51987564.25043313
60530011.225392
48661269.94003464
44182376.93461275
44170159.8899952
91556898.14290166
43736297.072875276
45265544.92661504
41446620.80533954
41089464.63612932
41516523.810136005
40682482.54025713
39008080.960614
36390133.96499993
34109554.12437163
27107621.490191042
24004473.724234484
23026929.340396963
17532364.560776185
18408011.24742072
18058396.93217281
20631075.556737836
22914953.307294022
18894176.940666668
16843644.28073364
16116518.750319308
30871227.69981098
51495822.91546978
26699137.005821366
16004009.162408102
16567244.454145214
14879670.737882096
16841703.486201294
19500181.611269936
16508380.181228694
20985686.82415419
17421673.060612656
17025317.902538974
15390793.755791426
16741911.272787968
16274664.788075576
26827726.187972408
22740065.976029236
16047681.29008565
21381946.980551507
14036601.36332272
20340979.44955795
17090102.571085002
16243307.446124962
16781371.79205874
15713502.287805796
17639076.7798915
15214726.727543619
15407268.518743629
16280365.925107095
14822391.486946708
16406013.865446558
16214634.09458355
16980089.99420814
18705270.44160244
14968823.577599853
15588617.251335591
14356586.168931413
15605122.707926517
22175877.152360246
16704004.03418312
33288858.821415346
16652186.13611483
21969123.433656547
14321677.939044666
16557326.252683436
15891216.184927627
20677749.208750606
17078074.109410238
19235525.76139641
18668748.732647292
15081137.600618526
16763248.788825165
13852238.810072362
49820824.788539544
48818483.38077335
51938354.97010644
58094064.71238507
45743866.010925725
64265644.86385429
63639786.42097001
55157360.6610346
62997413.127704285
54771387.20520959
60068645.71385796
49374140.448508024
53343613.2133217
50516212.88465898
49092242.86979294
46053384.80318256
52361250.42380591
52610784.80758137
58225474.919530466
49615731.958478905
52313443.28942622
43787918.97593193
57845804.2611614
50156820.299824275
55726193.027205765
41433333.59471913
44298687.523340054
41605746.28103615
54102146.988232985
46733407.71451605
39913172.70300496
37494684.79541986
32015211.192179263
25281770.43439622
23388526.322036725
25784883.043229926
22381349.847178336
20897201.89503289
23923163.425702848
17700350.351743534
19065177.402160484
20360344.576944232
18632885.20510672
30255935.297697216
15105168.54188332
17495326.831010766
29793854.26324709
26599450.62036743
16334613.422403872
18227824.594148938
15122213.449496925
15650209.175097728
14088823.318071198
23720160.967010245
52236968.08896542
26770335.94528475
21675602.670351546
17167327.333247803
27608395.877291538
19207195.223121174
17597038.28216265
18008787.948483255
16926036.041980095
21613611.580255203
16032844.561556974
13957491.773272509
13774586.35647577
27748361.006077934
16592004.993774677
15348964.793133046
19110935.145532705
19173712.343393136
15693660.590399887
13957143.45914505
15494257.301659327
14419789.863617707
16191989.509951543
14577981.287613343
19365072.842694625
16261717.345252413
13812844.154979032
17917717.923197743
15644641.986889878
16099561.252410019
15749370.788148273
25214633.09781315
17196546.21815578
19907379.11835569
15059938.137785535
21910696.994238567
19049125.710335214
16325553.62081104
29522944.713532727
14506198.548975656
18897508.975956716
15902197.209030693
22978558.442403298
24087894.054190073
16321019.88192423
21577871.81273017
66747487.73445268
54424741.0607504
60754926.62414098
54999527.34252767
53294875.426386386
53436963.529948875
47496238.33290807
49191724.41155694
51210770.972445026
49078686.1760429
46587533.867925085
45862056.77149219
45381117.0511492
44623003.18332662
51836739.735748224
50541021.41842983
45944867.36652094
44314513.82094514
44815730.80665683
56588244.896025375
44417195.799400635
46689860.84621969
50172455.76560195
50431156.33920717
50160557.1425235
44792081.94794282
43852705.29068475
39405130.45693858
39788434.28332381
34169791.98935078
35037148.9196361
30775570.06676201
22832547.121659707
35859504.51540801
27356664.588154238
43338555.55617539
24744607.542247362
41332275.25992872
30888856.240127813
22962094.23959165
20640269.260136593
30606079.723823786
19084857.232176423
22553839.68370689
20196726.731453285
16693482.999888608
21111340.200095333
21131585.84856576
14909886.315225381
19459127.78270069
18611730.765076455
25186661.689185046
20228969.206208136
17130567.20861159
16965299.966722246
14463063.322048416
14107091.077981481
12766809.516545076
16309106.78177022
16298790.847534414
21734722.932614375
24151115.2919361
18971216.507017802
16304867.626580145
16422260.280707002
15872093.56178309
15019687.436320359
14434338.028266478
14111831.25887228
21192544.974901512
15545087.665479276
16519420.384748187
17417021.200830486
23228872.37739452
14507529.883253565
24076104.311346274
27694047.543901436
17299343.084526505
13718164.620951781
24122962.454093993
15183610.288119856
18228773.16589785
14198442.520382624
15264213.470959092
20025239.4151952
23264594.855646856
14880047.40915398
18260228.4286322
14547659.343362372
26152632.28109313
25381980.719624203
13438517.99401038
14485674.952530852
15655786.844388654
15936857.289743045
17815697.20271744
15905980.267910969
20311274.33232574
15810556.654688766
14912771.538272396
94514012.30777542
47559814.84785768
48901888.98046724
51791815.78344025
45580884.37977733
45567932.80052234
48027951.56912648
44695157.47589749
65559470.12591934
60927750.59671934
62867160.348077536
61318014.41214608
53187085.027566716
50705299.42406458
44405326.215369925
49504581.92046807
49140331.73846349
43358433.534422204
48517264.11976644
44205773.93403248
46889652.685575195
46834634.75361102
64121326.946425594
46966670.03102575
47639713.95377677
42637861.74728697
43756636.48886509
39496851.69584948
42148465.69627409
41770949.7809255
32875854.1947577
38186053.85265432
34813600.04663523
32857609.177740674
26030763.17574384
25517869.936627913
25950617.79996415
17135605.56192832
17204851.05879074
33342692.476574153
19035469.449024413
46952265.71879152
27765635.45196308
46539124.377226256
28697295.335779853
35592221.46048785
21111737.881586798
21859592.481895722
19214384.5947771
18792932.64977546
19401660.64368281
20823203.514352337
15487463.892671442
22503387.124286592
14820333.254197052
19495154.312324483
17914527.558844935
16420906.41747434
16231971.52006289
16119601.327070415
14635575.478107814
21859740.59627105
17123727.502953477
15904170.715978632
15720919.923975777
13816858.79546712
17083487.03694196
15859214.93980245
37758311.95494215
32417286.96540601
21609183.428899966
27102926.47095582
19285026.94433739
17104903.155459367
16027143.760487244
20061888.727073982
24623438.169861842
15727986.485677589
18052340.08232049
15986290.398528611
15357166.657281974
18832371.212458204
14208481.79667083
19873912.23729317
14669463.264594143
15814694.564609226
12994156.098164555
16970061.985904343
18288243.906876773
37679710.740841374
15336995.56981704
16202787.385550547
16457301.190283153
14273936.863855153
22989349.89516892
11802374.80891306
17117437.0298305
13829512.064855859
12373479.146371163
12856519.521450082
47156673.02891577
47400659.51266923
45978559.7310892
47493260.50891691
50898273.13437773
46462973.04967076
47614174.44484092
47957395.86488074
49687868.7234375
51748097.37192081
50415425.022989504
48027927.261899345
44200864.83561304
71694411.06269047
46929013.74285029
47043275.79958488
51050813.79991464
57708527.69685979
49287135.268911645
44679140.66233494
44157612.51599541
43980417.548018925
41619441.10622186
40946841.77052357
40208930.728830285
40440653.772229925
49790561.84928845
36784730.15924007
37456131.313318655
39117231.19872125
58547160.89017998
40683423.521145955
41346972.405837804
32520639.233018912
30865147.645377148
23923647.965926383
19086481.603773385
18318050.941983268
20097000.628612537
21134544.151743855
33463781.20525993
29143184.84915654
23521379.90098782
19180250.195695188
20157371.484970894
19395235.38733738
32195269.83722804
22277540.942311287
24245039.95168452
16809885.60308971
17760959.48963871
16540413.812551249
21240565.624057196
18662350.964407213
17196752.078858532
15303385.670585537
18125571.897567324
24103460.243313376
14557712.6751481
16313384.022712931
14862469.643524745
14162875.553755457
17904280.94012801
14330212.762190033
14466944.346323589
14393746.447198233
15940002.650449079
15764408.867919171
14374161.750292923
14622634.443320435
14853042.889512818
13861226.076918269
14840046.703880876
17018921.183526136
16663357.087498162
14442030.520856988
14388991.69093368
14023878.228463734
16656742.016099548
27882963.095099937
13141674.669736529
14892824.125356162
18597197.85767754
12723005.799480457
18078663.76864892
15373762.462645447
14738169.50367792
20215204.229768634
13531394.121324072
14545315.4254992
18821889.229926012
15648924.298347658
17902388.250162948
14469285.590755278
13006267.95671719
21914760.7563336
14477052.3536672
13473985.690275282
20377329.9467111
16703920.449277798
57832515.12830398
47439855.84837988
53575678.63862381
51498609.56904482
47237124.660068005
51439794.7473586
47069649.82918422
46763474.354937844
50161946.37784238
47363175.63228174
50603919.39283318
55099836.33506264
61423121.76314689
46857139.97965066
51958764.49276821
47499458.856957026
44227924.17345844
51006319.8803349
43449454.49423052
50738307.56879267
48827462.351485826
45590288.52357238
41943863.613168396
42768725.66464021
44228507.90561126
40577957.64596834
43271909.42186211
40390518.72778887
39000722.126738444
37506445.13039516
35441400.97365236
40831626.01869659
34805823.016746156
24524869.188430123
27275876.565780897
25445939.99540545
21861431.274415545
22311133.659495085
24130103.960897844
22285075.77500506
26774451.045280762
16398929.257853687
30381414.404817946
31111029.590340983
18757119.341266528
17545637.968823936
18897807.151065018
17085446.89618964
16636692.847573865
21013093.676794693
59713319.87285197
39168128.31609986
30305559.18537165
25265022.306886308
20990258.838584963
19609298.250306375
15319756.264755255
16390668.866777932
15834274.863353271
14797739.850042503
14508482.528261488
15768411.978279289
16583159.708193254
15803945.331483653
32088430.46618845
13971082.138172448
16222355.83860882
14435615.77271096
15290829.3006095
24139584.01684047
38083050.810806364
37922837.91377412
31842239.67314697
15866893.994023714
19642217.09958946
19964756.119833462
16224630.801000103
16176207.53972448
26018724.422164414
16189421.140637895
18015637.916354064
18834059.486853562
16345004.68658855
19228566.946920253
17222232.876389295
20872900.95953829
14719949.550723353
13501217.66452822
17764435.474004902
15636571.612555513
18887563.938445322
15776966.993212607
14699218.654692331
14881877.89794751
23837030.143178567
16495025.718197573
15739985.128742049
17069780.753860764
14256222.900000293
15342597.18625479
